# Created by Octave 3.8.0, Sun Jul 30 11:52:51 2017 CST <michelle@MichelledeMacBook-Air.local>
# name: lambdas
# type: matrix
# rows: 1
# columns: 10
 0 0.001 0.003 0.01 0.03 0.1 0.3 1 3 10


